1 616.749 582.361 1 721.446 502.663 1 813.361 432.889 1 893.805 371.383 1 965.925 316.948 1 1029.6 269.303 1 521.193 500.103 1 624.615 431.506 1 716.129 371.12 1 797.341 317.723 1 870.118 269.347 1 935.149 225.602 1 438.653 428.919 1 540.084 368.641 1 630.404 315.796 1 711.357 268.379 1 784.388 225.649 1 849.909 186.793 1 367.239 367.308 1 466.27 314.477 1 555.441 267.171 1 635.401 225.307 1 708.121 186.647 1 774.261 151.45 
1 616.749 582.361 1 721.446 502.663 1 813.361 432.889 1 893.805 371.383 1 965.925 316.948 1 1029.6 269.303 1 521.193 500.103 1 624.615 431.506 1 716.129 371.12 1 797.341 317.723 1 870.118 269.347 1 935.149 225.602 1 438.653 428.919 1 540.084 368.641 1 630.404 315.796 1 711.357 268.379 1 784.388 225.649 1 849.909 186.793 1 367.239 367.308 1 466.27 314.477 1 555.441 267.171 1 635.401 225.307 1 708.121 186.647 1 774.261 151.45 
1 614.823 582.325 1 719.907 502.767 1 812.124 433.054 1 893.036 371.59 1 965.206 317.319 1 1029.16 269.696 1 519.419 499.734 1 623.189 431.253 1 715.023 371.065 1 796.403 317.651 1 869.317 269.531 1 934.745 225.799 1 436.999 428.325 1 538.962 368.2 1 629.481 315.473 1 710.572 268.146 1 783.968 225.413 1 849.681 186.81 1 365.732 366.467 1 465.123 313.783 1 554.599 266.618 1 634.557 224.883 1 707.852 186.252 1 774.08 151.212 
1 600.114 586.938 1 710.085 507.949 1 806.89 438.636 1 891.746 377.419 1 967.441 323.375 1 1034.74 275.951 1 507.159 500.953 1 614.961 433.316 1 710.636 373.663 1 795.499 320.941 1 871.451 273.07 1 939.808 229.602 1 427.223 426.905 1 532.282 367.812 1 626.124 315.869 1 710.231 269.107 1 786.518 227.126 1 854.711 188.749 1 357.91 363.003 1 460.195 311.458 1 552.472 265.186 1 635.222 224.244 1 710.486 186.257 1 778.968 151.657 
1 561.882 617.851 1 692.173 545.249 1 807.564 480.939 1 909.921 423.128 1 1002.15 372.136 1 1084.5 326.755 1 482.712 516.407 1 606.794 455.789 1 717.538 401.865 1 817.128 353.54 1 907.05 309.407 1 988.425 268.771 1 416.043 430.917 1 534.113 379.032 1 640.367 333.159 1 736.483 291.404 1 824.267 253.323 1 904.074 218.414 1 359.572 358.461 1 471.683 314.209 1 573.912 274.005 1 666.833 238.084 1 751.84 204.438 1 830.163 173.716 
1 450.007 631.256 1 611.094 575.009 1 756.887 524.535 1 888.407 478.292 1 1008.24 436.463 1 1117.05 399.223 1 401.138 508.572 1 549.358 464.207 1 684.27 423.613 1 807.379 386.816 1 920.179 352.663 1 1024.29 320.369 1 361.492 407.99 1 498.176 371.379 1 623.891 338.542 1 739.31 307.911 1 846.388 279.831 1 944.988 253.273 1 328.651 324.563 1 455.377 294.507 1 573.195 266.905 1 681.749 241.722 1 783.139 217.675 1 877.265 195.52 
1 292.497 671.941 1 487.811 643.685 1 670.222 617.222 1 839.941 591.521 1 998.962 567.994 1 1146.66 546.783 1 294.586 528.52 1 467.143 508.485 1 629.43 489.799 1 781.653 472.213 1 925.373 455.009 1 1060.26 437.53 1 296.775 415.522 1 450.865 400.515 1 596.947 386.983 1 734.79 373.813 1 865.752 361.242 1 989.306 348.712 1 297.779 325.031 1 437.604 314.056 1 570.621 303.671 1 696.689 294.407 1 816.877 284.487 1 931.435 275.258 
1 55.9308 608.345 1 275.726 611.742 1 491.092 615.631 1 702.713 618.517 1 910.625 622.365 1 1113.51 626.75 1 130.016 460.822 1 319.117 465.472 1 505.068 470.583 1 687.848 475.649 1 867.918 480.519 1 1044.83 483.727 1 186.229 348.627 1 352.164 353.055 1 515.737 358.461 1 676.497 363.871 1 835.657 369.533 1 991.769 373.796 1 230.261 261.119 1 378.328 265.964 1 523.99 271.16 1 667.707 276.8 1 810.092 281.913 1 950.239 286.751 
0 0 0 1 28.5187 547.664 1 277.313 585.106 1 542.359 623.716 1 824.688 666.391 0 0 0 0 0 0 1 161.072 388.145 1 371.97 416.329 1 594.097 445.831 1 827.785 476.211 1 1074.44 506.31 1 80.9799 251.441 1 256.659 271.438 1 440.004 293.376 1 631.015 315.604 1 830.674 339.631 1 1039.31 363.249 1 172.82 168.084 1 329.394 184.503 1 490.551 201.782 1 658.31 220.448 1 832.661 238.68 1 1014.03 257.821 
0 0 0 0 0 0 0 0 0 1 238.952 628.622 0 0 0 0 0 0 0 0 0 0 0 0 1 162.689 353.6 1 422.528 411.221 1 722.172 476.449 0 0 0 0 0 0 1 120.29 194.663 1 317.872 230.376 1 538.714 269.523 1 786.04 314.125 1 1066.54 362.847 1 92.1566 94.1956 1 252.738 118.173 1 425.933 144.238 1 617.777 174.09 1 828.743 205.523 1 1062.47 240.446 
0 0 0 0 0 0 0 0 0 0 0 0 0 0 0 0 0 0 0 0 0 0 0 0 1 -16.5036 382.639 1 242.944 464.513 1 569.01 565.93 0 0 0 0 0 0 1 21.7029 212.905 1 213.263 258.393 1 438.858 311.365 1 707.396 375.296 1 1035.04 451.655 1 43.3111 113.766 1 196.822 142.225 1 367.321 174.682 1 565.215 213.483 1 793.419 256.823 1 1061.42 308.437 
0 0 0 0 0 0 0 0 0 0 0 0 0 0 0 0 0 0 0 0 0 0 0 0 1 19.896 338.368 1 256.616 441.524 1 580.259 581.385 0 0 0 0 0 0 1 94.3841 157.117 1 270.934 210.624 1 490.304 276.866 1 771.162 362.081 0 0 0 1 136.419 52.9828 1 278.146 84.9884 1 443.497 122.624 1 644.053 169.84 1 889.916 225.878 0 0 0 
0 0 0 0 0 0 0 0 0 0 0 0 0 0 0 0 0 0 0 0 0 0 0 0 1 139.102 321.997 1 381.387 446.745 0 0 0 0 0 0 1 51.7821 66.6643 1 197.311 118.362 1 378.058 183.761 1 606.722 265.79 1 903.987 373.343 0 0 0 0 0 0 1 375.487 38.3447 1 547.29 85.3933 1 758.702 144.701 1 1022.3 216.943 0 0 0 
0 0 0 0 0 0 0 0 0 0 0 0 0 0 0 0 0 0 0 0 0 1 24.5876 258.45 1 228.581 358.044 1 496.841 488.8 0 0 0 0 0 0 1 89.2307 74.2213 1 250.014 129.818 1 446.874 199.499 1 692.305 285.566 1 1006.5 396.397 0 0 0 0 0 0 0 0 0 1 601.722 86.3743 1 825.57 148.242 0 0 0 0 0 0 
0 0 0 0 0 0 0 0 0 0 0 0 0 0 0 0 0 0 0 0 0 1 71.3043 304.356 1 311.812 390.607 1 612.219 497.644 0 0 0 0 0 0 1 84.2809 107.447 1 269.766 155.681 1 488.635 214.658 1 749.707 284.085 0 0 0 0 0 0 0 0 0 1 415.141 49.2646 1 612.109 90.5608 1 842.806 140.074 0 0 0 0 0 0 
0 0 0 0 0 0 1 236.762 621.645 0 0 0 0 0 0 0 0 0 0 0 0 1 152.676 328.533 1 403.087 379.76 1 691.682 438.734 1 1027.33 506.103 0 0 0 1 100.689 150.009 1 296.55 179.206 1 516.005 213.683 1 761.506 251.868 1 1039.85 295.901 0 0 0 1 226.487 49.8324 1 403.182 71.0938 1 596.312 94.7765 1 810.461 122.013 1 1048.35 151.188 0 0 0 
0 0 0 1 119.717 564.89 1 397.701 603.699 1 703.988 645.668 1 1041.97 695.132 0 0 0 1 28.592 347.143 1 248.285 370.261 1 483.715 395.68 1 738.24 423.51 1 1013.87 452.792 0 0 0 1 148.336 214.007 1 340.078 229.077 1 544.742 246.309 1 762.225 264.683 1 995.12 284.989 0 0 0 1 238.381 113.411 1 409.605 124.277 1 589.272 136.127 1 779.611 149.705 1 981.384 162.904 0 0 0 
1 44.8093 518.224 1 270.899 533.898 1 506.824 550.383 1 753.784 566.532 1 1012.35 584.545 0 0 0 1 146.903 364.907 1 342.98 375.966 1 545.825 387.92 1 756.677 400.33 1 975.536 412.163 0 0 0 1 224.524 248.747 1 396.939 256.11 1 574.994 264.623 1 758.629 273.173 1 948.939 282.51 1 1144.52 290.93 1 284.777 158.236 1 439.402 163.824 1 597.616 169.954 1 760.476 176.73 1 928.373 183.181 1 1100.95 189.547 
1 136.738 536.644 1 330.226 539.27 1 525.652 542.68 1 723.682 544.538 1 924.387 547.943 1 1125.83 551.588 1 201.956 408.859 1 371.71 410.923 1 543.009 413.59 1 715.965 416.331 1 890.765 418.239 1 1067.04 419.462 1 253.161 308.76 1 404.149 309.823 1 556.491 311.802 1 710.088 313.718 1 865.221 316.011 1 1020.99 316.739 1 293.963 228.593 1 430.436 229.514 1 567.321 230.722 1 705.305 232.977 1 844.567 233.759 1 984.746 234.967 
1 187.753 573.96 1 363.005 573.339 1 536.673 573.011 1 709.642 572.147 1 881.661 572.977 1 1050.93 572.95 1 235.623 459.39 1 390.645 459.958 1 544.437 460.905 1 697.016 461.01 1 849.218 462.198 1 999.791 460.992 1 274.08 367.927 1 412.501 368.383 1 550.665 370.027 1 687.382 371.013 1 823.715 371.974 1 958.772 371.99 1 304.813 294.707 1 430.187 295.544 1 555.069 296.885 1 679.153 297.967 1 802.771 298.665 1 925.368 298.868 
1 203.466 586.326 1 367.61 580.249 1 528.841 574.192 1 687.63 567.779 1 843.991 562.35 1 997.29 557.872 1 240.907 480.28 1 386.855 475.523 1 530.596 471.351 1 672.277 467.944 1 812.013 463.499 1 949.731 458.86 1 271.492 394.08 1 402.508 390.318 1 531.96 387.426 1 659.895 384.486 1 786.128 381.853 1 910.334 378.277 1 296.026 324.115 1 415.547 321.241 1 533.637 318.911 1 649.831 317.208 1 764.771 314.367 1 878.534 312.359 
1 197.61 611.311 1 356.532 604.493 1 511.66 598.188 1 663.95 591.704 1 812.939 586.355 1 958.398 581.361 1 233.179 508.362 1 374.691 503.802 1 512.901 500.303 1 649.285 496.254 1 782.986 492.126 1 913.755 487.402 1 262.013 425.396 1 389.352 422.11 1 514.975 419.051 1 637.551 416.15 1 758.673 413.57 1 877.376 410.223 1 285.439 357.351 1 401.428 355.26 1 515.949 352.889 1 627.959 351.495 1 738.534 348.925 1 847.424 346.908 
1 216.063 616.256 1 369.132 609.758 1 518.777 603.784 1 665.546 597.136 1 809.511 592.188 1 949.843 587.32 1 248.932 517.385 1 385.508 513.449 1 520.069 509.476 1 651.324 505.792 1 780.654 501.768 1 907.308 497.027 1 275.6 437.316 1 398.793 434.006 1 520.055 431.312 1 639.633 428.632 1 757.189 426.303 1 872.309 422.959 1 297.274 372.201 1 410.041 369.817 1 521.049 367.355 1 629.989 365.584 1 737.457 363.267 1 843.365 361.299 
