0.00    0.00    1.0
4.50    0.00    1.0
9.00    0.00    1.0
13.50   0.00    1.0
18.00   0.00    1.0
22.50   0.00    1.0
0.00    4.50    1.0
4.50    4.50    1.0
9.00    4.50    1.0
13.50   4.50    1.0
18.00   4.50    1.0
22.50   4.50    1.0
0.00    9.00    1.0
4.50    9.00    1.0
9.00    9.00    1.0
13.50   9.00    1.0
18.00   9.00    1.0
22.50   9.00    1.0
0.00    13.50   1.0
4.50    13.50   1.0
9.00    13.50   1.0
13.50   13.50   1.0
18.00   13.50   1.0
22.50   13.50   1.0
